Prisma_Pentagonal
10
0 5 0
4 5 0
6 9 0
2 9 0
2 13 0 
0 5 10
4 5 10
6 9 10
2 9 10
2 13 10
4 0 3 8 5
4 0 1 6 5
4 1 2 7 6
4 2 4 9 7
4 4 3 8 9
5 0 1 2 4 3
5 5 6 7 9 8
-1
Forma_irregular
6
-1 -1 7
3 -3 8
3 -2 0
-5 -1 0
0 2 9
0 6 3
4 0 1 2 3
4 2 3 4 5
4 0 3 4 5
3 0 1 4
3 2 3 5
-1
objeto_nuevo
5
2 5 6
1 8 6
1 8 5
1 2 3
8 4 6
4 0 2 3 4
3 4 3 2
-1
Prisma_Pentagonal_gigante
10
0 100 0
80 100 0
120 180 0
40 180 0
40 260 0 
0 100 200
80 100 200
120 180 200
40 180 200
40 260 200
4 0 3 8 5
4 0 1 6 5
4 1 2 7 6
4 2 4 9 7
4 4 3 8 9
5 0 1 2 4 3
5 5 6 7 9 8
-1