malla
24
-2.44 3.13 0.88
-2.58 3.97 0.03
-1.52 4.25 0.82
-0.47 2.99 1.59
1.29 2.81 1.95
1.32 4.07 1.58
2.64 4.45 0.01
2.19 3.56 0.84
2.83 2.73 -0.05
2.45 2.91 0.52
2.78 2.22 1.59
3.47 2.8 1.32
4.18 2.3 0.52
3.99 1.52 0.6
3.39 1.83 1.57
3.2 0.71 1.6
1.79 0.89 1.61
1.56 2.02 2.61
0.56 0.14 1.6
0.27 1.61 1.64
-0.43 0.78 1.48
-1.2 -0.09 0.85
-1.47 1.24 1.57
-0.43 2.2 1.6
3 0 1 2
3 0 2 3
4 0 3 23 22
4 19 23 3 4
3 19 17 4
4 4 5 7 9
3 5 7 6
3 7 6 8
3 9 7 8
5 4 9 10 16 17
5 10 14 13 12 11
5 10 14 13 16 15
3 16 17 18
3 18 17 19
3 18 19 20
3 20 19 23
3 20 23 22
3 22 20 21
3 20 21 18
-1